Summary of catch at age: 
   
Estimates are extracted from: SEI2018_ns_v00.fit.2018_GNS_IV_season1234 
based on fitted object: SEI2018_ns_v00.fit 
   
Catch at age is summed over: 
years: 2018 
areas: 8 28 40 41 42 
gears: 41 
seasons: 1 2 3 4 
total used catch: 4105.3706 tons 
total reported catch: 4105.3706 tons 
   
Catch at age (millions) 
age	mean	sd	5%	95%
1	2e-04	2e-04	0	7e-04
2	0.012	0.0078	0.0027	0.0255
3	0.0189	0.0103	0.0061	0.04
4	0.1596	0.0553	0.0835	0.2589
5	0.2736	0.1021	0.1385	0.4616
6	0.289	0.084	0.1551	0.4255
7	0.1065	0.0408	0.0525	0.1829
8	0.0953	0.0354	0.0468	0.1612
9	0.052	0.0237	0.0216	0.0962
10	0.0439	0.0206	0.0158	0.08
11	0.0373	0.0171	0.0128	0.067
12	0.0058	0.0049	0.001	0.0136
13+	0.0181	0.0058	0.0106	0.0291
Mean age in catch 
mean	sd	5%	95%
6.3252	0.2322	5.9267	6.6847
   
Length at age (cm) 
age	mean	sd	5%	95%
1	31.5109	2.8677	28.3921	34.6096
2	42.2799	1.2769	40.1624	44.5244
3	49.2179	1.389	46.9919	51.6795
4	55.0248	1.4923	52.5353	57.634
5	60.801	1.6482	58.1024	63.729
6	66.0491	1.7788	63.0751	69.1126
7	70.8323	1.9045	67.6192	74.041
8	75.8379	2.054	72.2955	79.3377
9	79.8028	2.1869	76.1339	83.4561
10	84.2025	2.3281	80.386	88.1183
11	88.4226	2.4532	84.3891	92.6007
12	92.4547	2.6008	88.4437	96.627
13+	109.0914	4.7523	100.9461	117.6476
Mean length in catch 
mean	sd	5%	95%
66.9217	2.133	63.5002	70.4638
   
Weight at age (g) 
age	mean	sd	5%	95%
1	389.3654	78.2575	277.765	520.6765
2	923.3152	96.8337	760.2803	1081.0244
3	1442.2472	137.9492	1233.4385	1669.2943
4	1946.4126	176.8091	1673.8706	2221.161
5	2631.3567	239.7265	2267.4406	3022.3757
6	3335.7177	301.0948	2888.2028	3827.6231
7	4077.4899	367.5466	3510.0428	4663.6267
8	4976.6189	456.3369	4291.8975	5710.7955
9	5680.2919	520.9131	4869.7787	6518.7142
10	6770.4973	629.4704	5789.8962	7840.5107
11	7776.8577	728.612	6654.6209	8959.2291
12	8776.1233	849.4722	7512.5097	10111.6668
13+	14615.9588	2033.8962	11484.8827	18552.4793
Mean weight in catch 
mean	sd	5%	95%
3731.15	390.302	3135.9024	4346.9432
   
Catch at length (millions) 
length	mean	sd	5%	95%
2.5	0	0	0	0
7.5	0	0	0	0
12.5	0	0	0	0
17.5	0	0	0	0
22.5	0	0	0	0
27.5	0	1e-04	0	2e-04
32.5	1e-04	2e-04	0	5e-04
37.5	0.0018	0.0035	0	0.0088
42.5	0.0113	0.007	0.0026	0.0238
47.5	0.0176	0.0187	0.0031	0.0561
52.5	0.0946	0.0585	0.0319	0.2046
57.5	0.1973	0.0763	0.0987	0.3585
62.5	0.266	0.073	0.1436	0.3809
67.5	0.2093	0.0589	0.1219	0.3052
72.5	0.1077	0.0335	0.0607	0.1671
77.5	0.0855	0.0278	0.0459	0.1323
82.5	0.054	0.0196	0.0265	0.0873
87.5	0.0369	0.0171	0.0131	0.0656
92.5	0.0128	0.0111	0.0023	0.0359
97.5	0.0042	0.0036	0.0011	0.0108
102.5	0.0036	0.0021	0.0011	0.0075
107.5	0.0026	0.0021	3e-04	0.0064
112.5	0.0016	0.0014	2e-04	0.0046
117.5	0.0016	0.0014	3e-04	0.0042
122.5	0.0013	0.0014	2e-04	0.0039
127.5	0.0012	0.0012	1e-04	0.0036
132.5	7e-04	0.0012	0	0.0029
137.5	1e-04	4e-04	0	7e-04
142.5	0	1e-04	0	0
147.5	0	0	0	0
152.5	0	0	0	0
157.5	0	0	0	0
162.5	0	0	0	0
167.5	0	0	0	0
172.5	0	0	0	0
177.5	0	0	0	0
182.5	0	0	0	0
187.5	0	0	0	0
192.5	0	0	0	0
197.5	0	0	0	0
202.5	0	0	0	0
207.5	0	0	0	0
212.5	0	0	0	0
217.5	0	0	0	0
222.5	0	0	0	0
227.5	0	0	0	0
232.5	0	0	0	0
237.5	0	0	0	0
Mean length in catch 
mean	sd	5%	95%
66.399	2.1337	62.7714	69.8703
   
